053 002 000 000 000 000 000 000 000 000 000 000 000 000 000 000 000 002 000 000 002 000 002 000 001 000 000 000 001 000 000 000 000 000 000 001 001 000 001 000 000 000 000 006 000 000 000 000 000 000 000 001 001 010 002 000 000 000 001 000 001 000 001 000 000 000 000 000 000 000 008 001 000 000 000 000 000 000 000 000 000 000 000 000 000 000 000 000 000 001 001 000 000 001 001 000 001 000 000 000
007 000 000 000 000 000 000 000 000 000 000 000 000 000 001 000 000 001 004 000 000 002 000 002 001 000 000 000 001 000 002 000 000 001 000 000 002 000 001 000 000 000 001 005 001 000 004 000 000 002 000 002 000 016 005 000 001 000 000 002 000 000 000 002 000 000 000 006 000 000 004 001 000 012 000 005 000 000 000 000 000 000 001 000 000 000 000 000 000 001 000 000 005 000 000 000 002 010 000 000
008 000 001 000 000 000 000 002 000 000 000 000 004 000 000 000 000 000 000 000 001 002 004 012 000 000 000 000 004 000 000 000 000 001 000 003 004 001 003 000 000 002 003 007 000 000 002 000 000 001 000 004 001 002 004 001 000 000 000 000 000 000 000 001 000 000 000 001 001 001 002 000 000 000 000 001 001 000 002 000 000 000 000 000 000 000 000 000 000 000 000 000 000 000 004 000 003 004 000 000
002 000 001 000 000 000 000 003 000 000 000 000 000 002 000 000 000 001 000 000 000 000 000 003 002 000 000 000 001 000 001 000 000 003 000 001 000 002 001 000 000 002 000 006 003 000 001 000 000 001 000 001 006 000 001 003 000 000 002 007 000 000 000 003 004 000 000 005 001 000 000 003 000 000 000 006 001 000 007 000 000 000 000 000 000 000 000 000 000 000 000 000 000 000 000 000 013 003 000 000
003 000 000 001 000 000 000 002 000 000 000 000 004 002 000 000 000 002 001 000 004 003 000 001 000 000 000 000 000 000 000 000 000 011 000 001 001 000 000 000 000 000 000 008 002 000 000 000 000 000 000 001 003 000 000 004 001 000 000 007 001 000 000 008 001 000 001 006 000 000 000 000 000 005 000 004 001 000 009 000 001 000 000 000 000 000 001 000 000 000 000 000 000 001 002 001 006 001 000 000
017 000 000 000 000 000 001 000 000 000 000 000 009 001 000 000 000 000 000 000 001 000 000 008 002 000 000 000 005 000 001 000 000 004 000 001 002 000 001 000 000 000 004 009 001 000 001 000 000 000 000 002 000 001 001 001 000 000 001 001 001 001 000 002 000 000 000 000 002 000 002 003 000 000 000 001 000 000 003 000 002 000 000 000 000 001 004 000 000 000 000 001 000 002 002 000 006 001 000 000
013 000 000 000 000 000 006 004 000 000 000 000 001 002 002 000 000 001 000 000 000 001 002 000 000 000 000 000 000 000 000 000 000 000 000 001 002 000 001 000 000 000 001 005 002 000 000 000 000 000 000 001 001 018 000 000 000 002 001 003 000 000 001 001 000 000 000 001 000 000 002 000 000 000 000 002 000 000 007 000 000 000 001 000 001 000 000 000 000 002 000 000 000 000 001 000 006 001 000 000
004 000 000 000 000 000 000 006 000 000 000 000 000 001 001 000 000 001 005 000 003 001 001 001 010 000 000 000 001 000 000 000 000 006 000 000 002 000 001 000 000 001 000 001 002 000 000 000 000 000 000 003 002 002 001 009 001 000 000 002 000 001 000 003 000 000 000 001 000 000 000 000 000 001 001 005 002 000 013 000 000 000 000 000 000 001 003 000 000 000 000 000 000 001 001 000 007 001 000 000
000 000 000 000 000 000 000 000 000 000 000 000 014 000 000 000 000 005 001 000 000 000 001 004 002 000 000 000 003 000 001 000 000 002 000 000 000 000 000 001 000 000 003 003 001 000 000 000 000 000 000 000 000 000 000 000 000 000 000 002 001 000 001 001 001 000 000 006 003 000 000 006 000 000 000 002 000 000 001 000 000 000 000 000 000 000 003 000 000 001 000 000 000 001 000 001 003 003 000 000
013 000 000 001 000 000 000 003 000 002 000 000 002 000 000 000 000 005 002 000 001 002 001 005 009 000 000 000 002 000 000 000 000 000 001 003 001 000 004 000 000 004 002 003 000 000 002 000 000 001 000 001 001 007 000 000 000 000 000 001 003 001 000 001 000 000 000 002 000 000 000 004 000 000 000 000 001 000 000 000 000 000 000 000 000 000 004 000 000 000 001 000 000 000 001 000 001 004 000 000
018 000 000 000 000 000 000 001 000 000 000 000 005 000 000 000 000 003 000 000 002 000 004 011 001 000 000 000 002 000 002 001 000 004 000 000 001 000 000 000 000 002 004 004 000 000 000 000 000 000 000 001 004 004 003 001 000 000 001 001 000 000 000 005 000 000 000 004 001 000 001 005 000 005 000 004 003 000 003 000 001 000 000 000 000 000 005 000 000 000 000 000 000 001 000 002 002 004 000 000
011 000 000 000 000 000 000 000 000 001 000 000 005 000 000 000 000 000 000 000 002 002 007 006 000 000 000 000 003 000 000 000 000 001 000 003 002 000 001 000 000 000 003 007 000 000 007 000 000 000 000 003 000 001 003 000 000 001 005 001 000 000 000 001 000 000 000 001 000 001 002 000 000 000 000 005 000 000 003 000 000 000 000 000 000 000 002 001 000 000 000 000 000 001 003 001 001 005 000 000
000 000 000 000 000 000 000 000 000 000 000 000 034 002 000 000 000 005 000 000 000 001 000 004 000 000 000 000 000 000 001 000 000 003 000 000 000 000 000 000 000 001 000 000 001 000 000 000 000 001 000 000 000 003 000 000 000 000 000 001 000 000 000 000 000 000 000 002 019 000 000 008 000 007 000 001 001 000 000 000 000 000 000 000 000 000 000 000 000 000 000 000 000 000 000 000 007 000 000 000
005 000 000 000 000 000 000 000 000 000 000 000 021 006 000 000 000 002 000 000 000 000 003 000 000 000 000 000 002 000 000 000 000 003 000 001 000 001 001 000 000 000 000 002 000 000 003 000 000 000 000 003 001 003 000 000 000 000 000 013 001 000 000 001 000 000 000 004 007 000 001 000 000 003 000 006 000 000 002 000 000 000 000 000 000 000 000 000 000 001 002 000 000 001 000 000 006 002 000 000
002 000 000 000 000 000 003 002 000 000 000 000 002 000 002 000 000 000 004 000 000 000 000 001 001 000 000 000 000 000 000 000 000 001 000 001 001 000 001 000 000 000 002 001 003 000 000 000 001 000 000 004 000 006 000 002 000 000 000 002 000 000 000 000 000 000 000 004 000 000 001 000 000 000 000 014 000 000 012 000 000 000 001 000 000 001 000 000 001 000 000 000 000 000 000 000 005 004 000 000
006 000 000 000 000 000 000 002 000 000 000 000 004 000 000 000 000 013 001 000 000 000 001 003 002 000 000 000 002 000 002 000 000 006 000 001 002 000 001 000 000 000 002 005 002 000 001 000 000 001 000 000 000 002 001 001 000 000 000 003 005 000 000 001 000 000 000 000 009 000 000 000 000 001 000 001 002 000 009 000 000 000 000 000 000 000 000 000 000 004 000 000 000 000 001 000 006 004 000 000
010 000 000 000 000 000 000 010 000 000 000 000 004 002 000 000 000 004 000 000 001 000 003 006 002 000 000 000 005 000 001 000 000 001 000 000 000 000 000 000 000 002 001 000 000 000 000 000 001 000 000 001 001 004 000 001 000 001 000 002 000 000 000 002 000 000 000 003 000 000 001 001 000 001 000 002 000 000 001 000 000 000 000 000 000 000 003 000 001 000 000 000 000 001 001 000 003 003 000 000
002 000 000 000 000 000 000 000 000 000 000 000 001 000 000 000 000 020 000 000 000 000 000 001 000 000 000 000 000 000 000 000 000 002 000 000 000 000 000 000 000 000 000 000 000 000 000 000 000 001 000 001 008 000 000 000 000 000 000 002 006 000 000 000 000 000 000 000 033 000 000 001 000 003 000 000 002 000 001 000 000 000 000 000 000 000 000 000 000 001 000 000 000 000 000 000 006 001 000 000
000 000 000 000 000 000 000 003 000 000 000 000 002 000 003 000 000 000 001 000 000 000 001 003 001 000 000 000 000 000 002 000 000 003 000 000 000 001 002 000 000 000 001 004 002 000 000 000 000 000 000 002 001 004 000 001 000 000 000 002 000 002 000 005 002 000 000 003 000 000 000 000 000 001 000 001 000 000 011 000 001 000 001 000 000 000 000 000 000 001 000 000 000 000 000 001 015 004 000 000
006 000 000 000 000 000 001 003 000 000 000 000 001 002 000 000 000 002 002 000 001 000 000 000 000 000 000 000 000 000 000 000 000 007 000 000 000 001 001 000 000 000 001 004 000 000 000 000 001 000 000 001 002 000 000 001 000 000 000 003 003 000 000 003 000 000 000 004 003 000 000 000 000 001 000 003 000 000 005 000 001 000 000 000 000 000 001 000 000 001 002 000 000 001 001 000 009 006 000 000
016 000 000 000 000 000 000 000 000 000 000 000 003 000 000 000 000 000 000 000 032 000 000 006 002 000 000 000 000 000 000 000 000 001 000 000 003 000 000 000 000 006 001 003 000 000 000 000 000 000 000 000 000 001 000 000 001 001 001 002 000 001 000 001 000 001 000 001 000 000 000 001 000 001 000 000 000 000 002 000 000 000 000 000 000 000 009 000 000 000 001 000 000 000 001 002 002 000 000 000
000 000 000 000 000 000 000 002 000 000 000 000 005 001 000 000 000 000 001 000 000 004 002 000 000 000 000 000 000 000 000 000 000 008 000 000 000 001 000 000 000 001 000 002 000 000 001 000 000 000 000 004 003 000 001 008 000 000 000 009 000 000 000 001 000 000 000 007 000 000 000 000 000 000 000 009 000 000 005 000 000 000 000 000 000 000 000 000 000 000 000 000 000 002 001 000 006 007 000 000
008 000 000 000 000 000 000 000 000 000 000 000 003 000 000 000 000 001 000 000 001 001 010 004 001 000 000 000 001 000 000 000 000 002 000 002 000 000 002 000 000 000 004 006 000 000 001 000 000 001 000 001 001 003 000 000 000 000 002 005 000 000 000 002 000 000 000 000 000 000 000 001 000 003 000 001 001 000 002 000 000 000 001 000 000 000 005 000 000 000 002 000 000 001 001 003 001 004 000 000
002 000 000 000 000 000 000 000 000 000 000 000 003 000 000 000 000 000 000 000 000 000 000 047 000 000 000 000 001 000 000 000 000 001 000 000 002 000 000 000 000 000 000 002 000 000 000 000 000 001 000 001 000 002 000 000 000 000 000 000 001 000 000 005 000 000 000 001 001 000 000 017 000 014 000 000 001 000 000 000 000 000 000 000 000 000 000 000 000 000 001 000 000 000 000 000 001 000 000 000
012 000 000 000 000 000 002 001 000 000 000 000 007 001 000 000 000 005 000 000 016 000 000 008 018 000 000 000 001 000 000 000 000 001 000 000 000 000 000 000 000 001 000 003 000 000 000 000 000 000 000 000 000 001 000 002 000 000 000 001 000 000 000 001 000 000 000 001 000 000 000 001 000 000 000 001 003 000 007 000 000 000 000 000 000 000 008 000 000 002 000 000 000 000 000 000 001 000 000 000
022 000 000 000 000 000 000 000 000 000 000 000 009 000 000 000 000 002 000 000 001 002 000 005 000 000 000 001 002 000 000 000 000 001 000 001 002 000 002 000 000 000 002 006 000 000 000 000 000 000 000 000 003 002 001 002 000 000 000 005 001 002 000 005 000 000 000 001 004 000 002 004 000 002 000 001 000 000 004 000 000 000 000 000 000 000 000 000 000 000 001 000 000 000 002 000 010 004 000 000
020 000 000 000 000 000 001 000 000 000 000 000 004 000 000 000 000 003 000 000 003 001 001 001 000 000 000 000 000 000 000 000 000 003 000 001 003 001 002 000 000 000 000 008 000 000 001 000 002 000 000 002 000 006 002 001 000 000 001 000 000 000 000 001 000 000 000 003 000 000 001 002 000 002 000 004 001 000 012 000 000 000 000 000 000 000 001 000 000 000 000 000 000 000 002 002 004 002 000 000
004 000 000 000 000 000 000 000 000 000 000 000 006 000 000 000 000 003 000 000 000 000 000 001 000 000 000 000 001 000 000 000 000 012 000 000 000 000 002 000 000 000 010 012 001 000 000 000 000 000 000 003 000 000 000 000 000 000 000 001 003 000 000 007 000 000 001 008 001 000 000 001 000 001 000 002 000 000 007 000 001 000 000 000 000 000 001 000 000 000 000 000 000 001 000 000 004 008 000 000
009 000 000 001 000 000 001 001 000 000 000 000 001 001 000 000 000 000 001 000 005 004 005 016 002 000 000 000 008 000 000 000 000 003 000 000 002 000 001 000 000 000 001 007 000 000 001 000 002 000 000 001 000 005 003 000 000 000 000 000 000 003 000 006 000 000 000 004 001 000 000 002 000 007 000 001 000 000 001 000 000 000 000 000 000 000 002 000 000 000 000 000 002 001 002 000 002 003 000 000
013 000 000 000 000 000 001 001 000 001 000 000 004 000 000 000 000 003 000 000 010 001 003 002 006 000 000 000 002 000 000 000 000 004 000 000 000 000 002 000 000 002 000 005 000 000 003 000 001 000 000 001 003 000 001 003 000 000 000 001 001 000 000 002 000 000 000 000 004 000 000 001 000 000 000 002 000 000 003 000 000 000 000 000 000 000 009 000 000 000 000 000 000 002 001 001 004 007 000 000
000 001 000 000 000 000 000 000 000 000 000 000 003 000 000 000 000 001 000 000 000 000 000 013 000 000 000 000 002 000 002 000 000 002 000 000 000 000 000 000 000 001 000 000 000 000 000 000 000 004 000 000 001 000 000 002 002 000 000 001 001 000 000 002 000 000 000 013 001 000 000 008 000 041 000 000 003 000 000 000 000 000 000 000 000 000 000 000 000 000 000 000 000 000 000 004 000 001 000 000
001 000 000 000 000 000 001 001 000 000 000 000 003 000 000 000 000 004 001 000 000 000 001 000 000 000 000 000 000 000 000 000 000 005 000 001 000 000 002 000 000 000 001 005 000 000 000 000 000 000 000 000 006 000 000 003 000 000 000 008 000 001 000 007 001 000 001 002 001 000 000 000 000 000 002 001 000 000 008 000 000 000 000 000 000 000 001 000 000 000 000 000 000 001 001 000 013 004 000 000
010 000 000 001 000 000 000 000 000 000 000 000 003 000 000 000 000 011 000 000 000 000 002 003 000 000 000 000 002 000 001 000 000 006 000 001 001 000 000 000 000 000 002 001 000 000 000 000 000 003 000 002 007 001 000 001 000 000 000 002 000 000 000 004 000 000 000 003 001 000 001 001 000 002 000 000 002 000 001 000 000 000 000 000 000 000 001 000 000 001 001 000 000 000 001 000 004 000 000 000
004 000 000 000 000 000 000 001 000 000 000 000 000 000 000 000 000 000 000 000 000 000 000 001 000 000 000 000 000 000 000 000 000 017 000 002 000 000 002 000 000 000 001 008 005 000 000 000 000 000 000 003 003 003 000 002 000 000 000 000 002 000 000 003 000 000 000 001 004 000 000 005 000 000 000 000 000 000 002 000 001 000 000 000 000 000 000 000 000 000 000 000 001 000 000 000 015 002 000 000
006 000 000 000 000 000 001 000 000 000 000 000 003 000 000 000 000 000 001 000 000 000 000 005 000 000 000 000 001 000 000 000 000 006 000 002 000 000 005 000 000 000 005 017 001 000 001 000 000 000 000 005 000 005 000 000 000 000 000 000 000 000 002 006 000 000 000 002 000 000 002 001 000 000 000 000 001 000 004 000 002 000 000 000 000 000 000 000 000 001 000 000 000 000 001 001 003 001 000 000
008 000 001 000 000 000 000 001 000 000 000 000 003 001 000 000 000 002 000 000 001 000 003 005 001 000 000 000 004 000 000 000 000 002 000 007 005 000 002 000 000 001 001 012 000 000 007 000 001 000 000 003 001 003 003 000 001 000 002 001 000 000 000 001 000 000 000 001 000 000 002 000 000 001 000 001 000 000 003 000 000 000 000 000 000 000 000 000 000 000 000 000 000 001 000 000 003 004 000 000
021 000 000 000 000 000 000 000 000 000 000 000 000 001 000 000 000 002 000 000 000 000 001 006 000 000 000 000 002 000 000 000 000 002 000 001 017 000 005 000 000 000 005 003 000 000 000 000 000 000 000 004 000 003 005 000 000 000 000 002 001 001 000 001 000 000 000 000 000 000 001 004 000 001 000 000 001 000 001 000 000 000 000 000 000 000 000 000 000 000 000 000 000 000 003 000 001 004 000 000
004 000 000 000 000 000 000 000 000 000 000 000 007 003 000 000 000 012 000 000 001 000 000 003 000 000 000 000 000 000 001 000 000 003 000 000 000 002 000 000 000 000 001 000 000 000 000 000 000 000 000 000 001 001 000 002 001 000 000 007 002 000 000 000 000 000 000 002 036 000 001 002 000 003 000 000 001 000 001 000 000 001 000 000 000 000 000 000 000 000 000 000 000 000 000 000 012 000 000 000
006 000 000 001 000 000 001 001 000 000 000 000 004 000 000 000 000 002 002 000 000 000 000 002 002 000 000 000 001 000 000 000 000 008 000 003 001 001 001 000 000 000 004 011 002 000 000 000 000 000 000 002 000 004 000 002 000 000 000 000 000 001 000 010 000 000 000 001 002 000 000 000 000 000 000 001 000 000 002 000 000 000 000 000 000 000 002 000 000 001 000 000 000 001 001 000 004 005 000 000
005 000 000 000 000 000 000 000 000 000 000 000 010 001 000 000 000 001 000 000 001 003 002 017 001 000 000 000 002 000 007 000 000 001 000 003 001 000 000 000 001 000 003 000 000 000 001 000 002 000 000 000 004 001 004 001 001 000 001 002 001 002 000 002 000 000 000 007 001 000 002 000 000 006 000 001 000 000 001 000 000 000 001 000 000 000 003 000 000 000 000 000 000 000 001 002 002 001 000 000
001 000 000 000 000 000 000 000 000 000 000 000 006 000 000 000 000 000 000 000 004 000 006 006 000 000 000 000 005 000 000 000 000 004 000 000 000 000 002 000 000 004 000 005 000 000 003 000 001 000 000 003 000 006 004 001 001 000 001 000 001 000 000 003 000 000 000 003 002 000 000 001 000 003 000 001 000 000 001 000 000 000 001 000 000 000 004 000 000 000 000 000 000 000 000 001 004 002 001 000
000 000 000 000 000 000 000 003 000 000 000 000 013 000 002 000 000 002 002 000 000 001 001 001 003 000 000 000 001 000 000 000 000 001 000 001 000 000 001 000 000 019 000 002 000 000 001 000 000 000 000 001 002 002 000 001 001 000 001 004 000 000 001 003 000 000 000 000 000 000 003 000 000 000 000 004 000 000 003 000 000 000 000 000 000 002 016 000 000 001 000 000 001 001 000 000 003 000 000 000
005 000 000 000 000 000 000 000 000 000 000 000 001 000 000 000 000 001 002 000 001 000 002 000 000 000 000 000 001 000 000 000 000 017 000 001 000 000 002 000 000 000 005 011 000 000 000 000 000 000 000 003 002 001 000 000 001 000 000 005 001 000 000 002 000 000 000 003 000 000 000 000 000 001 000 002 001 000 004 000 002 000 000 000 000 000 000 000 001 000 000 000 000 001 001 000 008 002 000 000
012 000 000 000 000 000 000 001 000 000 000 000 002 000 000 000 000 000 001 000 000 000 000 001 001 000 000 000 000 000 000 000 000 008 000 000 000 000 002 000 000 000 004 023 000 000 000 000 000 000 000 001 000 012 000 000 000 000 000 000 001 000 000 003 000 000 000 001 000 000 001 001 000 000 000 000 000 000 002 000 000 000 000 000 000 000 000 000 001 001 000 000 001 000 003 000 001 003 000 000
009 000 000 000 000 000 000 001 000 000 000 000 003 000 000 000 000 002 001 000 000 000 000 002 002 000 000 000 001 000 001 000 000 003 000 001 000 000 003 000 000 000 005 008 003 000 000 000 000 001 000 002 000 002 000 003 000 000 000 000 000 002 000 011 001 000 001 004 000 000 001 000 000 001 000 002 002 000 005 000 001 000 001 000 000 000 002 000 000 001 000 000 000 000 002 000 006 008 000 000
018 000 000 000 000 000 000 001 000 000 000 000 001 000 000 000 000 002 000 000 004 000 002 005 001 000 000 000 001 000 000 000 000 001 000 002 001 000 002 000 000 000 002 010 003 000 000 001 000 000 000 000 001 010 000 001 000 002 001 000 000 002 000 001 000 000 000 006 000 000 009 000 000 003 000 000 000 000 004 000 000 000 000 000 002 000 000 001 001 000 000 000 000 000 000 000 004 001 000 000
005 000 000 001 000 000 000 000 000 000 000 000 010 000 000 000 000 001 000 000 002 002 001 003 000 000 000 000 007 000 000 000 000 005 000 004 000 000 000 000 000 000 003 006 000 000 004 000 001 001 000 002 000 002 003 000 000 000 002 000 000 000 001 001 000 000 001 008 001 000 003 001 000 000 000 002 001 000 000 000 000 000 000 000 000 000 002 000 000 002 001 000 001 003 004 000 003 006 000 000
024 000 000 000 000 000 000 001 000 000 000 000 000 000 000 000 000 007 001 000 003 000 001 001 000 000 000 000 000 000 000 000 000 002 000 000 000 000 002 000 000 000 000 001 000 000 000 000 000 000 000 000 031 005 000 000 000 000 000 004 003 000 001 000 000 000 000 002 005 000 000 000 000 000 000 001 000 000 000 000 000 000 000 000 000 000 001 000 000 001 000 000 000 000 000 000 015 000 000 000
003 000 000 000 000 000 000 000 000 000 000 000 020 001 000 000 000 002 000 000 001 000 000 001 000 000 001 000 000 000 002 000 000 000 000 002 000 002 000 000 000 002 002 000 000 000 003 000 003 000 001 002 001 001 000 002 000 000 004 009 000 000 002 000 000 000 000 002 000 000 003 000 000 002 000 009 000 000 005 000 000 001 001 000 001 000 002 000 000 000 001 000 001 001 000 000 001 004 000 000
000 000 000 000 000 000 000 000 000 000 000 000 001 000 000 000 000 003 000 000 000 000 000 010 000 000 000 000 001 000 001 000 000 000 000 000 000 000 000 000 000 000 000 001 000 000 000 000 000 003 000 000 001 000 000 000 000 000 000 001 004 000 000 000 000 000 000 002 032 000 001 007 000 021 000 000 003 000 000 000 000 000 000 000 000 000 000 000 000 000 001 000 000 000 000 001 003 000 000 000
009 000 000 000 000 000 004 002 000 000 000 000 001 001 000 000 000 001 001 000 003 002 000 008 002 000 000 000 000 000 001 001 000 003 000 002 001 000 005 000 000 000 005 007 002 000 000 000 000 001 000 001 001 002 002 000 000 000 000 002 000 001 001 005 000 000 000 003 000 000 000 004 000 001 000 001 000 000 011 000 000 000 000 000 000 000 001 000 000 000 000 000 001 000 002 000 007 004 000 000
006 000 000 000 000 000 000 000 000 000 000 000 002 000 000 000 000 000 004 000 000 000 001 000 000 000 001 000 000 000 000 000 000 004 000 001 001 001 001 000 000 000 003 019 000 000 004 000 000 000 000 015 001 004 000 001 000 000 000 001 000 000 003 001 001 000 000 002 001 000 000 000 000 000 000 007 000 000 005 000 000 001 000 000 000 002 001 000 000 000 000 000 000 000 000 000 006 005 000 000
002 000 000 000 000 000 000 000 000 000 000 000 000 000 000 000 000 007 000 000 000 001 000 000 000 000 000 000 000 000 000 000 000 000 000 000 000 000 000 000 000 000 000 000 001 000 000 000 000 000 000 000 052 000 000 000 000 000 000 012 000 000 000 001 000 000 000 001 016 000 000 000 000 000 000 000 001 000 000 000 000 000 000 000 000 000 000 000 000 003 000 000 000 000 000 000 020 000 000 000
051 000 000 000 000 000 000 000 000 000 000 000 000 000 000 000 000 000 000 000 000 000 000 000 000 000 000 000 000 000 000 000 000 000 000 000 000 000 001 000 000 000 000 003 000 000 000 000 000 000 000 000 000 047 000 000 000 000 000 000 000 000 001 000 000 000 000 000 000 000 002 000 000 000 000 000 000 000 000 000 000 000 001 000 000 000 000 000 000 002 000 000 002 001 000 000 000 000 000 000
005 000 000 000 000 000 000 000 000 000 000 000 002 001 000 000 000 001 000 000 001 001 002 004 000 000 000 000 001 000 000 000 000 000 000 002 000 000 001 000 000 001 000 006 000 000 010 000 000 000 000 003 000 006 012 000 000 000 000 001 001 000 000 000 000 000 000 000 000 000 011 001 000 001 000 001 000 000 000 000 000 000 000 000 000 000 000 000 000 000 000 000 000 000 001 001 001 007 000 000
001 000 000 000 000 000 001 003 000 000 000 000 003 000 000 000 000 003 000 000 001 001 001 004 002 000 000 000 002 000 002 000 000 003 000 000 000 000 000 000 000 000 000 003 000 000 001 000 000 000 000 002 004 000 000 002 000 000 000 003 001 001 000 011 000 000 000 006 006 000 000 004 000 004 000 001 004 000 003 000 000 000 001 000 001 000 003 001 001 000 000 000 000 001 001 001 011 000 000 000
001 000 000 000 000 000 000 000 000 000 000 000 001 000 000 000 000 004 003 000 000 000 000 007 000 000 000 001 000 000 004 000 000 002 000 003 000 000 000 000 000 000 003 001 000 000 000 000 001 000 000 000 011 000 000 001 003 001 001 008 001 000 000 001 001 000 000 004 006 000 000 000 000 011 000 000 003 000 001 000 001 000 000 000 000 000 001 000 000 000 003 000 000 002 000 000 011 000 000 000
043 000 000 000 000 000 001 000 000 000 000 000 000 000 000 000 000 003 001 000 002 000 000 001 001 000 000 000 000 000 000 000 000 000 000 001 001 001 001 000 000 000 002 004 002 000 000 000 000 000 000 002 002 014 001 000 001 000 000 000 001 001 003 003 000 000 000 002 001 001 001 000 000 000 000 001 000 000 002 000 000 000 001 000 000 000 001 000 000 001 000 000 000 001 000 000 000 000 000 000
003 000 000 000 000 000 000 001 000 000 000 000 015 001 000 000 000 003 000 000 000 000 002 001 000 000 000 000 000 000 000 000 000 001 000 001 000 000 000 000 000 000 001 000 000 000 002 000 002 000 000 002 000 000 001 000 001 001 002 010 001 000 000 000 000 000 000 003 004 000 003 001 000 007 000 006 001 000 000 000 000 000 000 000 000 000 000 000 000 000 000 000 000 000 000 000 008 003 000 000
001 000 000 000 000 000 000 001 000 000 000 000 002 000 000 000 000 005 000 000 000 000 000 002 001 000 000 000 000 000 001 000 000 002 000 000 000 000 000 000 000 000 001 000 000 000 000 000 000 001 000 000 021 000 001 000 001 000 000 008 001 000 000 003 000 000 000 001 013 000 000 001 000 002 000 000 002 000 000 000 000 000 000 000 000 000 000 000 000 000 001 000 000 001 000 000 012 001 000 000
004 000 000 000 000 000 000 000 000 000 000 000 003 000 000 000 000 003 000 000 000 000 000 003 000 000 000 000 001 000 000 000 000 000 000 000 000 000 000 000 000 000 000 000 000 000 000 000 000 001 000 000 000 000 001 000 000 000 000 000 025 000 000 000 000 000 000 000 029 000 000 008 000 005 000 000 000 000 000 000 000 000 000 000 000 000 000 000 000 000 000 000 000 000 000 000 001 000 000 000
009 000 000 000 000 000 000 001 000 000 000 000 002 000 000 000 000 002 000 000 002 000 007 014 001 000 000 000 009 000 001 000 000 002 000 000 002 000 001 000 000 000 003 001 000 000 001 000 001 001 000 002 002 000 003 000 000 000 000 002 000 000 000 003 000 000 000 004 000 000 000 005 000 001 000 000 000 000 000 000 000 000 000 000 000 000 001 000 000 000 000 000 000 000 002 000 000 001 000 000
008 000 000 000 000 000 000 000 000 000 000 000 000 000 000 000 000 001 000 000 000 000 000 000 000 000 000 000 000 000 000 000 000 000 000 000 001 000 000 000 000 000 000 001 000 000 002 000 000 000 000 002 000 033 003 000 000 001 002 000 000 000 004 002 000 000 000 001 001 000 016 000 000 001 000 002 000 000 002 000 000 000 005 000 000 000 000 000 000 001 000 000 009 001 000 001 000 001 000 000
003 000 000 001 000 000 000 001 000 000 000 000 001 000 000 000 000 002 002 000 001 000 000 001 000 000 000 000 001 000 000 000 000 011 000 003 000 000 002 000 000 000 003 007 000 000 000 000 000 000 000 001 004 000 000 002 000 000 000 001 000 000 000 015 000 000 000 001 001 000 000 001 000 000 000 001 000 000 009 000 002 000 000 000 000 000 000 000 001 000 000 000 000 000 003 000 011 006 000 000
000 000 000 000 000 000 000 000 000 000 000 000 004 000 000 000 000 001 002 000 000 001 000 004 000 000 000 000 001 000 000 000 000 008 000 002 000 000 000 000 000 000 008 008 000 000 004 000 000 000 000 006 001 001 005 000 000 000 001 001 000 000 000 003 002 000 000 003 002 001 000 001 000 001 000 005 000 000 002 000 000 000 000 000 000 000 000 000 000 000 000 000 000 003 003 000 002 012 000 000
003 000 000 001 000 000 000 001 000 000 000 000 002 000 000 000 000 000 009 000 000 000 000 002 000 000 000 000 007 000 000 000 000 004 000 001 002 001 003 000 000 001 005 004 001 000 001 000 000 000 000 002 002 002 001 002 000 000 001 000 000 001 000 007 000 001 000 002 000 000 001 006 000 001 000 003 000 000 003 000 000 000 000 000 000 000 000 000 000 000 000 000 000 001 000 000 005 003 000 000
001 000 000 000 000 000 000 000 000 000 000 000 001 002 000 000 000 000 002 000 000 000 000 002 000 000 000 000 002 000 001 000 000 008 000 002 000 000 003 000 000 000 005 009 000 000 000 000 000 000 000 002 001 000 000 002 001 000 000 001 000 002 000 005 001 000 001 006 001 000 001 001 000 000 000 007 000 000 005 000 001 000 000 000 000 000 001 000 000 000 000 000 000 001 000 000 004 005 000 000
001 000 000 000 000 000 000 000 000 000 000 000 002 000 000 000 000 000 001 000 000 000 000 011 000 000 000 000 005 000 000 000 000 002 000 000 001 000 000 000 000 000 001 002 000 000 000 000 000 000 000 000 002 000 000 000 000 000 000 000 000 000 000 011 000 000 000 009 003 000 000 004 001 024 000 000 003 000 000 000 000 000 000 000 000 000 000 000 000 000 000 000 000 001 000 000 004 001 000 000
000 000 000 000 000 000 000 000 000 000 000 000 003 000 000 000 000 001 000 000 000 000 000 002 000 000 000 000 000 000 000 000 000 003 000 000 000 000 001 000 000 000 002 000 001 000 000 000 000 001 000 000 002 000 000 000 001 000 000 000 007 000 000 002 000 000 000 000 051 000 000 005 000 001 000 000 002 000 000 000 000 000 000 000 000 000 000 000 000 000 000 000 000 000 000 000 008 001 000 000
001 000 000 000 000 000 000 001 000 000 000 000 004 000 000 000 000 001 000 000 001 000 000 025 000 000 000 000 004 000 000 000 000 000 000 000 003 000 000 000 000 000 000 000 000 000 000 000 000 001 000 000 002 000 001 000 000 000 000 000 001 002 000 001 000 000 000 007 003 000 000 010 000 015 000 001 002 000 001 000 000 000 000 000 000 000 001 000 000 000 000 000 000 000 000 000 000 002 000 000
016 000 000 000 000 000 000 000 000 000 000 000 000 000 000 000 000 000 000 000 000 000 000 000 000 000 001 000 000 000 000 000 000 001 000 000 001 000 000 000 000 000 002 004 000 000 004 000 000 001 000 003 000 010 005 000 000 000 001 000 000 000 003 002 000 000 000 001 000 000 025 000 000 002 000 001 000 000 003 000 000 000 001 000 001 000 000 000 000 001 000 000 002 000 000 000 000 004 000 000
005 000 000 000 000 000 000 000 000 000 000 000 002 000 000 000 000 000 000 000 000 000 000 011 000 000 001 000 000 000 000 000 000 000 000 000 000 000 000 000 000 000 000 001 000 000 000 000 000 001 000 001 000 002 000 000 000 000 000 000 003 000 000 001 000 000 000 001 005 001 000 032 000 010 000 001 002 000 000 000 000 000 000 000 000 000 000 000 000 000 000 000 000 000 000 000 002 001 000 000
000 000 000 001 000 000 000 000 000 000 000 000 009 000 000 000 000 002 000 000 000 000 000 009 001 000 000 000 003 000 002 000 000 002 000 000 002 000 000 000 000 001 000 005 000 000 001 000 000 000 000 002 002 001 002 001 000 000 000 004 000 000 000 002 000 000 000 003 001 000 000 006 000 004 000 003 004 000 002 000 000 000 000 000 000 000 001 000 000 000 000 000 000 000 000 000 007 005 000 000
001 000 000 000 000 000 000 000 000 000 000 000 001 000 000 000 000 000 000 000 000 000 000 006 000 000 000 000 000 000 002 001 000 000 000 000 000 001 000 000 000 000 000 000 000 000 001 000 001 000 000 000 000 000 002 000 000 000 000 001 000 000 000 000 000 000 000 008 003 000 000 004 000 059 000 004 001 000 001 000 000 000 000 000 000 000 000 000 000 000 001 001 000 000 000 001 001 001 000 000
003 000 000 000 000 000 001 003 000 001 000 000 000 002 000 000 000 005 003 000 001 001 001 006 003 000 000 000 002 000 000 000 000 018 000 001 000 000 001 000 000 000 005 011 001 000 001 000 000 000 000 001 000 001 000 001 000 000 000 003 000 001 000 004 000 000 001 001 000 000 001 000 000 001 000 002 000 000 003 000 000 000 000 000 000 000 001 000 000 000 000 000 000 000 000 000 008 006 000 000
002 000 000 001 000 000 000 002 000 000 000 000 008 003 000 000 000 000 002 000 000 000 000 000 000 000 000 000 000 000 000 000 000 001 000 002 001 000 000 000 000 000 001 003 000 000 003 000 000 000 000 000 000 000 001 003 000 000 001 002 001 000 001 003 001 000 000 007 000 000 000 001 000 001 000 042 000 000 009 000 000 000 000 000 000 000 000 000 000 000 000 000 000 000 000 000 002 002 000 000
001 000 000 000 000 000 000 000 000 000 000 000 005 000 000 000 000 002 000 000 000 000 000 016 000 000 000 000 000 000 001 000 000 001 000 000 000 000 000 000 000 000 000 000 000 000 000 000 000 006 000 000 005 000 000 002 000 000 000 001 000 000 000 000 000 000 000 006 004 000 000 008 000 019 000 001 019 000 000 000 000 000 000 000 000 000 000 000 000 000 000 000 000 000 000 001 006 001 000 000
005 000 000 000 000 000 000 000 000 000 000 000 004 000 000 000 000 000 005 000 003 000 000 004 000 000 000 000 005 000 000 000 000 008 000 000 001 000 001 000 000 000 003 009 001 000 000 000 000 000 000 003 001 002 002 002 000 000 001 001 001 001 000 007 000 000 000 006 001 000 001 002 000 000 000 002 000 000 006 000 001 000 000 000 000 000 000 000 000 001 000 000 000 000 002 000 007 006 000 000
009 000 000 000 000 000 000 001 000 000 000 000 009 000 001 000 000 002 002 000 001 002 000 003 001 000 000 000 001 000 000 000 000 004 000 001 000 000 003 000 000 000 002 006 001 000 001 000 001 000 000 004 000 002 001 002 000 000 000 002 000 002 000 002 000 000 000 003 000 000 000 000 000 000 000 004 001 000 011 000 000 000 000 000 000 000 001 000 000 000 000 000 000 001 001 000 002 002 000 000
003 000 000 001 000 000 001 000 000 000 000 000 001 001 000 000 000 003 007 000 000 000 001 012 004 000 000 000 000 000 000 000 000 008 000 001 001 000 002 000 000 000 004 009 001 000 002 000 000 000 000 001 001 001 000 002 000 000 000 001 000 001 000 013 000 000 001 001 000 000 001 002 000 002 000 003 000 000 004 000 001 000 000 000 000 000 000 000 000 000 000 000 000 001 001 000 003 004 000 000
002 000 000 000 000 000 000 000 000 000 000 000 001 000 000 000 000 000 007 000 001 000 000 011 000 000 000 000 001 000 000 000 000 010 000 000 001 000 002 001 000 001 006 004 000 000 001 000 000 000 000 000 002 002 000 007 000 000 001 000 000 001 000 011 000 000 000 001 003 001 000 001 000 003 000 000 001 000 006 000 002 000 000 000 001 000 001 000 000 001 000 000 000 001 001 000 014 003 000 000
003 000 000 001 000 000 001 000 000 000 000 000 009 001 000 000 000 009 000 000 000 001 000 002 000 000 000 000 001 000 000 000 000 002 000 002 000 005 001 000 000 000 002 001 000 000 001 000 001 000 000 002 001 001 001 003 000 000 000 006 003 000 000 000 000 000 000 002 006 000 000 000 000 002 000 000 001 000 003 000 000 000 000 000 000 001 000 000 000 000 000 000 000 001 001 000 014 001 000 000
014 000 000 000 000 000 003 000 000 001 000 000 001 000 001 000 000 000 000 000 002 000 000 001 000 000 000 000 000 000 001 000 000 001 000 001 000 001 000 000 000 000 001 002 000 000 000 000 000 000 000 001 000 048 001 000 000 000 000 001 002 001 000 001 000 000 000 000 001 000 000 000 000 001 000 000 000 000 000 000 000 000 009 000 000 000 000 000 000 007 000 000 001 000 000 000 000 001 000 000
020 000 000 000 000 000 001 001 000 000 000 000 000 001 004 000 000 000 000 000 001 001 001 000 000 000 000 000 000 000 000 000 000 001 000 001 000 001 000 000 000 000 001 002 002 000 000 000 000 000 000 000 001 028 000 000 000 000 001 003 000 000 002 000 000 000 000 000 000 000 012 000 000 000 000 003 000 000 006 000 000 000 000 000 000 000 000 000 000 000 000 000 000 000 000 000 004 001 000 000
020 000 000 000 000 000 000 003 000 000 000 000 006 001 000 000 000 002 000 000 003 000 001 002 003 000 000 000 006 000 000 000 000 002 000 002 006 000 002 000 000 001 003 013 000 000 000 000 000 000 000 002 002 001 001 000 000 000 002 001 000 001 000 001 000 000 000 000 000 000 002 001 000 001 000 001 000 000 005 000 000 000 000 000 000 001 000 000 000 000 000 000 000 000 001 000 009 001 000 000
005 000 000 000 000 000 000 000 000 000 000 000 018 002 000 000 000 016 000 000 000 001 000 001 000 000 000 000 000 000 000 000 000 003 000 000 000 000 001 000 000 001 000 000 000 000 001 000 000 000 000 002 000 000 000 000 000 000 000 011 003 001 000 000 000 000 000 001 008 000 000 002 000 001 000 003 000 000 001 000 000 000 000 000 000 002 001 000 000 001 000 000 000 000 001 000 013 003 000 000
005 000 000 000 000 000 000 000 000 000 000 000 005 002 000 000 000 002 000 000 001 001 005 016 000 000 000 000 000 000 002 000 000 001 000 000 001 000 000 001 000 003 000 002 000 000 000 000 001 000 000 001 002 003 000 001 001 000 005 006 000 001 000 001 000 000 000 003 000 000 004 000 000 000 000 003 000 000 001 000 000 000 000 000 000 000 023 000 000 000 001 000 000 000 001 002 001 002 001 000
005 000 000 000 000 000 000 000 000 000 000 000 006 002 000 000 000 005 000 000 001 001 000 004 000 000 000 000 002 000 001 000 000 003 000 000 000 002 001 001 000 002 000 001 000 000 000 002 000 001 000 002 004 001 003 000 000 000 000 013 000 000 000 002 002 000 000 005 002 000 000 001 000 003 000 004 001 000 000 000 000 000 000 000 000 000 004 000 000 000 001 000 000 000 001 001 003 002 000 000
003 000 000 000 000 000 003 001 000 000 000 000 001 000 000 000 000 001 001 000 002 000 003 001 000 000 000 000 000 000 000 000 000 007 000 004 003 001 002 000 000 000 012 023 001 000 001 000 000 000 000 000 000 003 002 000 001 000 000 003 000 001 000 001 000 000 000 000 000 000 000 000 000 000 000 002 000 000 010 000 002 000 000 000 000 000 000 000 001 000 000 000 001 001 001 000 002 006 000 000
004 000 000 000 000 000 000 000 000 000 000 000 005 004 001 000 000 012 000 000 000 001 000 000 000 000 000 000 000 000 000 000 000 001 000 002 000 002 003 000 000 000 001 002 001 000 001 000 000 000 000 000 000 000 000 000 000 000 000 008 004 000 000 000 001 000 000 002 006 000 002 001 000 001 000 005 002 000 005 000 000 000 000 000 000 000 000 000 000 004 000 000 000 001 000 000 013 000 000 000
000 000 000 000 000 000 000 001 000 000 000 000 009 001 000 000 000 019 000 000 000 001 002 000 000 000 000 000 000 000 001 000 000 005 000 000 000 005 000 000 000 000 000 000 000 000 002 000 000 000 000 003 002 000 000 000 001 000 000 013 004 000 000 001 000 000 000 004 015 000 001 001 000 001 000 002 000 000 001 000 000 000 000 000 000 001 000 000 000 003 000 000 001 000 000 000 006 002 000 000
006 000 000 001 000 000 000 000 000 000 000 000 007 000 000 000 000 003 001 000 006 000 002 009 001 000 000 000 000 000 000 001 000 002 000 000 001 000 001 000 000 000 004 004 000 000 003 000 000 001 000 011 001 000 003 000 000 000 001 001 000 002 000 005 000 000 000 005 001 000 000 005 000 003 000 003 000 000 004 000 000 000 000 000 000 000 003 000 000 004 000 001 000 000 000 000 002 006 000 000
008 000 000 000 000 000 000 000 000 000 000 000 001 001 000 000 000 000 000 000 001 000 000 000 000 000 000 000 000 000 000 000 000 000 000 000 000 000 000 000 000 000 001 003 000 000 009 000 000 000 000 004 001 023 002 000 000 000 000 001 000 000 007 000 000 000 000 000 000 000 017 000 000 000 000 001 000 000 001 000 000 000 001 000 000 000 000 000 000 000 000 000 001 000 000 000 001 001 001 000
003 000 000 000 000 000 000 001 000 000 000 000 003 000 000 000 000 002 002 000 000 000 003 004 000 000 000 000 001 000 000 001 000 006 000 001 000 000 001 000 000 000 004 003 000 000 001 000 000 002 000 002 002 000 000 001 000 000 000 001 000 001 000 000 000 000 000 002 001 000 000 003 000 024 000 002 002 000 002 000 000 000 000 000 000 000 000 000 000 000 000 000 000 000 001 000 010 003 000 000
041 000 000 000 000 000 000 002 000 000 000 000 001 000 000 000 000 000 000 000 000 000 005 003 000 000 000 000 000 000 001 000 000 005 000 001 001 000 001 000 000 001 003 002 001 000 000 000 000 000 000 004 003 002 001 000 000 000 000 002 000 000 000 005 000 000 000 001 000 000 003 001 000 000 000 000 001 000 004 000 000 000 000 000 000 000 000 000 000 000 000 000 000 000 019 000 002 000 000 000
000 000 000 000 000 000 000 000 000 000 000 000 012 000 000 000 000 000 000 000 001 000 000 008 000 000 000 000 000 000 007 000 000 000 000 000 000 000 000 000 000 000 000 000 000 000 000 000 000 001 000 000 005 000 000 000 002 000 000 000 000 000 000 000 000 000 000 005 002 000 000 004 000 045 000 000 002 000 000 000 000 000 000 000 000 000 003 000 000 000 001 000 000 001 000 009 000 000 000 000
004 000 000 000 000 000 000 000 000 000 000 000 000 000 000 000 000 003 000 000 001 000 000 000 000 000 000 000 001 000 000 000 000 007 000 000 000 000 001 000 000 000 003 004 001 000 000 000 000 000 000 000 015 000 000 000 000 000 000 001 003 000 000 001 000 000 000 003 013 000 000 001 000 001 000 000 000 000 000 000 000 000 000 000 000 000 000 000 000 000 000 000 000 000 002 000 049 000 000 000
000 000 000 002 000 000 000 001 000 000 000 000 003 000 000 000 000 002 001 000 002 002 001 007 000 000 000 000 005 000 000 000 000 003 000 002 003 000 001 000 000 000 010 012 000 000 001 000 000 000 000 005 002 000 000 002 001 000 000 001 000 003 000 004 000 000 002 003 001 000 000 002 000 003 000 004 001 000 003 000 000 000 000 000 000 000 000 000 000 000 000 000 000 002 000 000 002 015 000 000
022 000 000 000 000 000 001 001 000 000 000 000 003 001 000 000 000 000 000 000 005 001 006 002 000 000 000 000 001 000 000 000 000 000 000 003 002 000 001 000 000 001 000 003 000 000 007 000 000 000 000 002 002 006 002 000 000 000 003 001 000 000 000 000 000 000 000 003 001 000 003 001 000 001 000 004 000 000 005 000 000 000 000 000 000 000 000 000 000 000 002 000 000 000 002 000 001 002 001 000
004 000 000 000 000 000 000 000 000 000 000 000 007 000 000 000 000 000 001 000 003 000 000 014 002 000 000 000 000 000 002 000 000 003 000 001 000 000 003 000 000 001 003 003 001 000 002 000 000 000 000 001 001 002 000 000 000 000 000 000 000 000 001 008 001 000 001 004 000 000 000 000 000 007 000 005 000 000 004 000 000 000 000 000 000 000 006 000 000 000 000 000 000 001 000 000 001 001 000 000
