065 000 001 000 000 001 001 000 000 001 001 000 000 000 000 000 000 000 000 000 000 000 001 000 000 000 000 000 000 000 000 000 001 000 000 000 000 000 000 000 000 000 000 000 000 002 000 000 000 000 000 000 000 004 001 001 000 009 001 000 000 002 000 000 000 000 000 000 000 000 000 000 000 000 000 000 000 002 000 000 000 000 000 006 000 000 001 000 000 000 000 000 002 000 000 000 000 000 000 000
000 068 000 000 000 000 000 001 000 000 000 002 000 000 000 000 000 000 000 000 000 000 000 000 000 000 002 003 000 000 000 000 001 000 000 000 001 001 000 000 000 000 000 000 000 000 000 001 000 000 000 001 000 003 001 001 000 000 001 000 000 000 002 000 000 002 000 000 000 000 001 000 000 000 001 000 000 000 000 000 000 000 002 002 000 000 001 000 000 000 000 003 002 006 000 003 001 000 000 000
000 001 042 001 000 002 001 000 001 001 002 006 000 001 001 000 000 000 000 000 001 000 000 002 000 001 001 000 000 000 000 000 001 000 002 002 003 000 000 000 000 001 000 000 000 000 000 000 000 000 003 000 000 001 003 000 000 000 000 000 001 000 000 000 002 000 001 000 000 000 000 000 001 000 000 000 000 000 000 000 002 000 000 000 001 000 000 001 000 002 001 000 001 000 000 000 000 001 004 000
000 000 001 025 005 000 001 000 000 000 000 000 000 000 000 002 000 000 000 001 000 011 000 000 000 000 001 000 000 000 000 009 000 000 003 000 002 000 000 000 000 000 000 004 000 000 001 000 000 000 000 001 000 000 001 002 000 001 000 000 000 000 000 002 001 002 002 000 000 000 000 000 004 001 002 003 001 003 001 002 001 000 000 000 000 000 000 000 002 002 000 000 000 001 000 001 000 000 000 000
000 000 000 006 023 000 000 000 001 000 000 000 000 000 000 002 000 000 000 000 000 003 001 000 000 001 002 003 000 000 003 001 001 000 001 000 000 000 002 000 000 000 003 006 001 001 000 000 000 000 005 001 000 000 000 002 000 001 000 001 000 001 000 007 003 004 002 001 000 000 001 000 003 000 008 001 000 001 000 000 001 000 000 000 000 000 001 000 001 000 001 001 000 001 000 002 000 000 000 000
000 000 002 000 000 057 000 000 000 001 001 000 001 000 000 000 003 001 000 000 005 000 003 003 000 007 000 000 000 000 000 000 001 000 000 000 000 000 001 001 000 000 001 000 000 000 000 000 000 000 000 000 000 000 000 000 000 000 000 000 000 000 000 000 001 000 000 001 000 000 000 000 000 000 000 000 000 000 000 000 001 002 000 001 003 001 000 003 001 001 002 001 000 000 002 001 000 000 000 000
000 000 002 000 001 000 046 005 000 000 000 000 000 000 004 001 000 000 006 000 000 001 000 000 002 000 000 000 000 000 000 000 000 001 001 000 000 000 000 000 000 001 000 002 001 003 000 000 001 000 000 000 000 001 002 000 000 000 000 000 000 000 001 000 000 002 000 000 000 000 001 000 000 000 000 000 000 002 000 002 001 000 001 000 000 000 000 000 002 002 000 000 000 000 000 000 000 001 000 000
000 001 000 000 000 000 006 045 001 000 000 000 000 001 002 000 000 000 006 000 000 003 000 000 012 000 000 000 000 000 000 000 000 000 000 000 000 000 000 000 000 000 000 000 003 000 001 000 003 000 001 000 000 000 001 000 000 000 000 001 000 001 000 001 001 001 001 001 000 000 000 000 000 000 003 002 000 001 001 005 000 000 001 000 000 000 000 000 001 000 001 000 000 001 000 000 000 000 000 000
000 000 000 000 000 000 000 001 044 000 000 000 000 000 001 000 000 001 000 000 000 000 000 000 000 000 000 002 000 000 000 000 000 002 001 000 000 003 001 000 000 002 001 000 001 000 000 000 008 000 000 000 000 000 000 000 000 000 001 001 000 000 000 000 000 000 000 000 000 000 000 000 000 000 000 001 000 000 002 000 000 000 000 000 000 000 001 000 000 002 000 000 000 000 000 000 001 000 000 000
000 000 000 000 000 002 001 000 000 053 000 000 001 000 000 001 003 001 000 000 000 000 000 000 000 000 000 000 003 000 000 000 000 001 000 000 000 001 000 000 001 002 000 000 000 001 001 000 000 000 000 000 000 000 002 000 000 003 001 000 002 000 000 000 000 001 000 001 000 005 000 000 000 000 000 000 001 000 000 000 002 001 000 000 004 000 000 000 001 001 000 000 000 000 002 001 000 001 001 000
003 001 000 000 000 002 001 000 001 000 039 001 000 001 000 001 002 000 000 000 001 000 013 000 000 003 000 000 003 000 000 000 001 000 000 001 000 000 000 000 002 001 000 000 001 003 000 000 001 000 000 000 000 001 000 000 000 000 000 000 001 022 000 001 001 000 000 001 000 000 000 001 000 000 000 000 000 000 001 000 000 001 000 002 003 002 000 003 000 000 000 000 000 000 000 001 001 000 001 001
001 000 018 001 000 001 001 000 000 000 001 025 000 001 001 002 001 000 000 001 000 000 000 001 000 003 000 000 001 000 001 000 004 000 000 004 000 000 000 000 001 003 001 000 000 003 008 000 001 000 000 000 000 000 000 000 001 000 000 000 000 000 000 001 001 000 000 000 000 000 000 000 001 000 000 000 000 000 001 000 000 000 000 000 003 000 000 000 000 002 000 000 000 000 001 000 001 003 002 000
000 000 000 000 000 000 001 000 001 000 000 000 039 003 000 001 000 006 000 000 001 000 000 001 000 000 000 002 000 000 000 000 000 002 000 000 000 005 000 000 000 000 000 000 001 000 000 000 000 003 000 000 001 000 000 000 000 000 001 000 001 000 000 001 000 001 000 000 005 001 000 002 001 000 000 000 002 000 000 000 000 004 000 000 001 002 000 000 000 005 003 000 000 000 001 002 000 000 000 002
000 001 000 001 000 002 000 000 000 001 000 000 002 031 000 000 001 000 000 000 000 001 000 000 000 001 000 000 000 000 000 000 000 000 000 000 000 001 000 000 000 000 000 000 000 000 000 000 001 000 000 000 000 001 000 000 000 000 016 002 000 000 000 000 000 000 000 000 001 000 000 000 000 000 000 000 000 000 001 000 000 027 001 000 003 002 001 003 000 004 002 000 000 000 000 000 000 000 000 000
000 000 002 000 000 000 004 002 000 000 001 000 000 001 034 000 000 000 005 000 000 002 000 000 001 000 000 002 000 000 000 000 001 000 000 000 000 000 001 000 000 001 000 000 001 000 000 000 002 000 001 001 000 000 002 001 000 000 000 000 000 001 001 000 000 002 000 000 000 000 000 000 002 000 002 000 000 001 001 002 000 000 000 000 000 000 000 001 000 003 000 001 000 000 000 000 000 001 001 001
000 000 000 001 000 000 001 000 000 001 000 001 001 000 000 028 000 007 000 013 000 002 000 000 000 000 000 000 000 000 000 005 002 000 003 000 001 000 004 000 000 000 000 007 001 001 000 001 000 001 001 001 000 001 000 001 000 001 000 000 002 000 000 000 001 002 001 000 000 000 000 000 001 000 000 000 000 001 001 000 002 000 001 000 001 000 000 000 000 003 001 000 000 001 000 000 000 003 000 000
001 000 000 000 000 000 000 000 002 002 003 001 000 000 000 000 042 000 000 000 003 000 004 000 000 002 000 001 001 000 000 000 000 000 000 000 000 000 000 001 003 001 000 000 000 000 000 000 000 000 000 000 000 000 000 000 000 000 001 000 000 003 000 000 000 000 000 000 000 000 000 000 000 000 000 000 000 000 000 000 000 004 000 000 000 000 002 004 000 003 000 000 000 000 002 000 000 000 000 000
000 000 000 000 000 000 000 000 000 000 000 000 000 001 000 002 000 060 000 000 000 000 000 000 000 000 000 000 000 000 000 003 001 000 000 000 000 009 000 000 000 000 000 000 000 000 000 001 000 000 000 000 001 000 000 000 000 000 000 002 003 000 000 000 000 000 000 000 000 001 000 000 000 000 000 000 001 000 000 000 000 000 000 000 001 001 000 001 000 001 002 000 000 000 000 000 000 001 000 000
000 000 000 001 001 001 003 000 000 001 000 000 000 000 004 000 000 000 040 000 000 000 000 000 001 000 001 000 000 001 001 001 000 001 000 000 000 000 000 001 000 002 000 000 005 000 000 001 000 000 000 000 000 000 000 000 000 002 000 000 001 000 000 001 000 001 000 000 000 000 000 000 000 000 000 000 000 002 001 002 002 001 000 000 000 000 000 000 000 001 000 000 000 004 000 000 000 000 001 002
000 000 000 000 001 000 000 000 000 000 000 000 000 000 001 004 001 001 000 031 000 001 000 001 000 000 001 000 000 001 000 006 001 002 001 000 000 004 001 000 000 000 000 000 001 001 000 000 001 000 000 001 000 000 000 003 000 002 000 000 000 000 001 001 003 000 002 000 000 000 000 000 001 000 000 001 000 000 001 000 001 000 000 000 000 000 000 000 000 003 000 000 000 000 001 000 000 002 000 000
000 001 000 000 000 006 001 000 000 002 000 000 000 000 000 000 000 000 000 000 070 000 000 000 001 004 000 000 000 002 000 000 000 000 000 000 000 001 000 001 000 000 000 001 002 000 000 000 000 000 000 000 000 000 000 000 000 000 000 001 000 000 000 000 000 001 000 000 000 000 000 000 000 000 000 000 000 000 000 000 000 000 000 000 004 000 001 000 000 000 000 001 000 000 001 001 000 000 000 000
000 000 001 002 001 000 000 000 000 000 000 001 000 000 000 001 000 000 000 000 000 048 001 000 000 000 000 000 000 000 000 005 000 000 001 002 000 000 000 000 000 000 000 000 000 000 002 000 000 000 000 000 001 000 000 001 000 000 000 000 000 000 000 002 004 000 003 001 000 000 000 000 001 000 001 001 001 001 001 000 001 000 000 000 000 001 000 000 000 000 001 000 000 000 000 000 001 001 003 000
001 000 001 000 000 000 000 000 001 000 001 001 000 001 000 000 002 000 000 000 000 000 035 000 000 002 000 002 000 000 000 000 000 000 000 000 001 000 000 000 000 000 000 002 000 001 000 000 001 000 000 000 000 002 000 000 000 000 000 000 000 016 000 000 000 000 000 001 001 000 000 000 000 000 000 000 001 000 004 000 000 000 000 000 001 000 001 004 000 000 001 000 000 000 001 000 000 002 000 001
000 000 000 001 000 000 000 000 000 000 000 000 000 000 000 000 001 000 000 000 000 001 000 071 000 000 000 001 000 000 000 000 000 000 000 000 000 000 000 000 000 000 000 000 000 000 000 000 000 003 000 000 000 000 001 000 000 000 000 000 004 000 000 000 000 000 000 001 000 001 000 017 000 000 000 000 000 000 000 001 000 000 000 000 000 001 000 000 000 000 000 000 000 000 000 000 000 000 000 000
000 000 000 000 000 000 000 007 001 000 000 000 000 000 000 000 000 000 000 000 001 000 000 000 078 000 001 000 000 000 000 000 002 000 001 000 000 000 001 000 000 001 000 000 000 000 000 000 000 000 001 000 000 000 000 000 000 000 000 000 001 001 000 000 000 000 000 000 000 000 000 000 000 000 001 002 000 002 000 001 000 000 000 000 001 000 000 000 000 001 000 000 000 001 000 000 000 000 000 000
001 000 001 000 001 011 002 000 000 000 001 000 000 001 000 000 001 003 000 000 000 000 000 001 001 032 000 001 000 000 000 000 000 001 000 001 001 004 000 005 001 000 000 001 000 001 000 001 000 000 000 000 001 000 000 000 000 000 001 001 001 001 000 001 000 000 000 000 002 000 000 001 000 000 000 000 000 000 000 000 002 004 000 002 006 001 000 006 000 002 004 000 001 001 001 000 000 001 001 000
001 000 001 000 001 001 002 002 000 000 001 000 000 000 000 001 000 000 000 000 001 000 000 000 001 001 034 005 000 000 001 001 001 000 002 000 001 000 000 002 000 000 000 002 003 006 000 000 003 000 002 000 000 000 000 000 000 000 001 000 000 000 000 002 002 000 000 000 000 000 001 000 001 001 002 000 000 002 007 000 000 000 000 000 000 000 000 000 003 001 000 001 000 003 000 000 000 000 001 000
000 002 001 000 002 001 000 000 000 000 000 001 000 000 001 000 000 000 003 000 000 001 000 000 000 000 000 034 000 001 003 000 000 001 001 000 000 000 001 001 000 000 002 001 005 000 000 000 000 001 001 001 000 000 000 001 000 000 001 001 001 000 000 002 000 002 001 001 000 000 000 000 002 000 003 001 000 001 004 001 003 000 000 000 000 001 000 000 000 001 001 004 000 004 000 000 000 000 000 001
000 000 002 000 000 001 000 000 001 000 003 001 000 000 000 000 003 000 001 000 000 000 002 002 000 001 001 001 072 000 000 000 000 000 000 000 001 000 001 000 004 000 000 001 001 000 000 000 000 000 000 000 000 000 000 000 000 001 000 001 000 001 002 000 000 000 000 000 000 000 000 000 000 000 000 000 000 001 000 000 000 000 000 001 001 000 001 000 001 001 000 001 001 000 002 001 000 001 002 000
000 000 000 002 000 000 003 001 001 000 000 000 001 000 001 001 001 001 001 000 001 000 002 000 000 000 002 001 000 037 000 003 001 003 003 000 001 001 002 000 000 002 001 005 003 000 000 000 002 000 001 001 001 000 000 001 002 000 000 000 000 000 000 001 001 001 000 000 000 000 000 000 001 000 001 000 000 000 000 003 000 001 000 000 000 001 000 000 000 000 000 000 000 000 000 003 001 007 000 000
000 001 000 001 000 000 000 000 000 000 000 000 000 000 000 000 000 000 000 000 000 000 000 001 000 000 001 002 000 000 051 000 000 000 000 000 000 000 001 000 001 000 000 001 000 000 000 000 000 000 000 001 000 000 000 001 000 000 000 001 000 000 000 002 000 001 001 004 001 000 000 001 002 004 000 001 001 000 000 000 000 000 000 000 000 000 000 000 000 000 001 001 000 002 000 023 000 000 000 001
000 000 000 005 001 000 000 000 000 000 000 000 000 001 000 001 000 003 000 001 000 004 000 000 000 000 000 000 000 001 000 041 000 001 002 000 000 002 002 000 000 000 000 000 001 000 000 000 000 000 000 000 000 000 000 004 001 000 000 000 000 000 000 004 001 002 001 000 000 000 000 000 001 000 001 000 001 000 001 000 001 000 000 000 000 001 000 000 001 000 000 000 000 000 000 000 000 001 000 000
000 002 001 000 000 000 000 000 001 001 000 001 000 001 000 000 001 001 000 001 000 001 000 000 001 000 000 000 000 000 000 000 035 001 000 001 002 000 000 001 001 000 000 001 000 000 001 000 000 000 001 000 000 000 000 000 000 000 000 000 000 004 000 002 001 001 000 007 000 000 001 000 001 000 000 000 001 000 000 000 000 000 001 000 000 000 000 000 001 000 000 003 000 001 000 000 000 002 001 000
000 001 000 000 000 000 000 000 000 000 000 000 000 000 000 000 000 002 002 001 000 000 000 000 000 000 000 002 000 000 000 003 000 038 000 000 000 000 000 000 000 000 000 001 002 000 000 001 000 001 000 001 001 000 000 001 001 000 000 000 001 000 000 001 000 001 000 000 002 000 000 001 001 000 001 000 000 001 001 001 000 000 000 002 000 001 000 001 003 001 002 000 000 000 002 000 007 000 000 000
000 003 001 000 003 000 002 001 000 000 000 000 000 000 000 001 000 000 000 001 000 000 000 000 001 000 000 001 000 000 000 000 002 000 033 000 004 000 002 001 000 001 004 006 001 000 000 000 002 000 001 000 000 000 001 000 003 000 000 000 000 000 000 000 000 000 000 000 000 001 000 000 001 000 001 000 000 000 001 001 001 000 000 000 000 000 000 000 006 001 001 000 000 000 000 000 001 001 000 000
000 000 022 000 001 002 000 000 000 001 000 010 000 000 000 000 003 000 001 001 000 001 000 000 000 000 001 000 000 000 000 001 002 000 000 014 001 001 000 000 000 001 000 000 000 001 005 000 001 000 002 000 000 000 001 001 000 000 001 000 000 000 000 002 002 001 002 000 000 000 000 000 000 000 002 000 000 001 001 000 000 000 000 000 000 000 000 000 000 001 000 000 000 000 000 001 000 003 008 000
001 000 004 001 000 000 001 000 000 000 000 001 000 000 000 001 000 000 000 000 000 000 001 000 000 001 000 000 001 000 000 000 002 000 002 000 050 000 000 000 000 000 000 005 001 000 000 001 000 000 004 001 000 001 000 000 001 001 000 000 000 000 001 002 002 003 000 000 000 000 000 000 000 000 000 000 000 002 001 000 001 000 000 000 000 000 000 001 000 000 001 001 000 001 001 000 000 001 000 000
000 000 000 000 000 000 001 001 002 000 000 000 006 003 000 000 000 018 000 000 000 000 000 001 000 001 000 000 000 000 000 002 000 001 000 000 000 041 000 000 000 000 000 000 000 000 000 000 000 002 000 002 001 000 001 000 001 000 000 000 002 000 000 000 000 000 000 000 004 000 000 000 000 000 000 001 000 000 001 000 000 008 000 000 001 000 000 001 001 004 003 000 000 000 000 000 000 000 000 000
000 001 000 002 000 000 001 000 000 000 000 000 000 000 000 003 000 001 000 001 000 000 000 000 001 000 000 007 000 001 000 005 001 001 003 000 000 001 024 000 000 000 000 003 002 000 000 000 000 001 003 001 000 000 000 001 000 000 000 000 000 000 000 000 004 004 001 001 001 000 000 001 000 000 002 000 000 000 000 001 002 000 001 000 000 000 000 000 000 000 000 001 000 001 001 001 000 006 000 000
000 001 003 000 000 001 001 000 000 000 001 000 000 001 000 000 000 000 001 000 000 000 000 001 000 002 000 002 000 000 002 000 000 001 000 000 000 001 001 055 000 000 001 000 001 001 000 000 000 002 002 000 000 000 000 000 000 000 000 002 000 001 000 001 000 000 005 000 000 000 000 000 000 001 000 000 001 001 000 000 000 002 000 000 001 000 000 002 001 003 000 001 000 000 001 000 000 003 000 002
001 000 000 001 000 000 000 000 000 004 001 001 000 000 001 000 000 001 000 000 000 000 003 002 000 000 000 001 005 000 000 000 001 000 000 000 000 001 000 000 031 002 000 000 001 000 001 000 000 000 000 002 000 002 000 001 000 001 001 000 002 000 001 000 000 000 001 000 000 002 000 002 000 001 000 001 002 000 000 001 000 000 000 001 003 000 002 001 001 000 000 000 000 000 002 001 001 000 000 001
000 002 002 000 000 000 001 002 000 000 000 000 000 000 003 000 000 000 001 001 000 001 000 000 002 000 001 000 000 000 000 000 000 000 000 000 000 000 000 000 000 065 000 000 000 001 000 000 006 000 000 000 000 000 000 001 000 001 001 000 000 000 001 000 000 000 000 000 000 000 000 000 000 000 000 000 000 000 000 001 000 000 001 001 000 001 000 000 001 005 001 000 001 000 000 000 000 000 000 000
000 000 001 001 001 000 001 001 002 000 000 000 000 000 001 000 000 001 000 002 000 000 000 000 001 000 000 002 000 001 000 000 001 000 001 001 000 001 001 000 000 000 038 002 001 001 000 000 000 000 001 000 000 000 000 000 001 000 000 001 000 000 000 002 002 001 002 000 000 000 000 000 000 000 002 001 000 001 001 000 001 000 000 000 000 001 001 000 008 000 000 000 000 001 000 000 000 001 000 000
000 000 000 000 000 000 000 001 000 000 001 000 000 000 000 002 000 000 000 000 000 001 000 000 000 000 001 000 000 000 000 002 000 000 003 000 002 000 002 000 000 000 002 048 001 000 000 000 000 000 000 000 000 001 001 000 000 000 000 000 000 000 000 003 001 001 000 001 000 000 000 000 001 000 000 000 000 001 001 000 000 000 000 001 000 000 000 000 005 001 000 000 000 001 000 000 000 002 000 000
000 000 002 000 000 001 002 000 002 000 000 002 000 000 000 001 000 000 006 000 000 000 000 000 003 000 004 006 000 003 000 000 000 001 000 001 000 000 001 001 000 000 001 002 019 003 000 000 001 000 003 001 000 002 000 001 000 000 000 001 000 000 000 000 001 002 003 000 000 000 000 000 004 000 001 000 000 003 007 004 001 000 000 000 000 000 000 000 000 001 000 001 000 003 000 001 001 001 000 000
000 001 001 001 001 000 004 000 001 000 000 001 000 001 001 000 000 000 000 001 002 000 000 001 002 000 005 001 000 000 001 000 001 000 002 001 000 001 001 001 001 000 000 000 004 024 000 000 002 000 000 001 000 002 000 000 003 001 002 001 000 002 005 000 000 000 000 001 000 000 001 001 000 000 002 000 000 000 004 000 000 000 000 002 001 000 001 000 002 003 001 000 002 002 000 000 000 002 001 000
000 001 017 003 001 002 002 000 001 000 002 006 000 002 000 000 001 001 000 000 000 001 001 000 001 000 000 000 000 000 001 001 001 000 002 003 000 000 000 003 001 000 000 000 000 002 024 000 000 000 000 000 000 000 001 000 000 001 000 000 000 000 000 000 002 000 001 000 000 000 000 000 002 000 000 000 000 001 001 000 001 001 000 000 001 000 001 000 000 002 000 000 000 000 000 000 000 000 011 000
000 000 000 000 000 000 001 000 000 000 000 000 000 000 000 000 000 001 000 000 000 000 000 000 000 000 002 000 000 000 000 000 000 000 000 000 000 000 000 000 000 000 002 001 000 001 000 052 000 000 001 000 026 000 000 000 001 000 000 009 000 000 000 000 000 000 001 000 000 000 001 000 000 000 000 000 000 000 000 000 000 000 001 000 000 000 000 000 001 000 000 000 000 000 000 000 011 000 000 000
000 000 001 000 000 000 001 000 003 000 000 000 000 000 000 000 000 000 002 000 000 001 000 000 000 000 001 000 000 000 000 000 000 000 000 000 000 000 001 000 000 002 000 000 000 001 000 000 073 000 000 000 000 000 001 000 001 000 001 000 000 001 000 000 000 000 000 000 000 000 000 000 000 000 000 000 000 000 001 000 000 001 001 000 000 002 002 000 001 002 000 001 000 000 000 000 000 000 000 000
000 001 000 000 000 000 000 000 000 000 000 000 000 000 000 000 000 004 000 000 000 001 000 007 000 000 000 000 000 000 000 001 000 002 000 000 000 000 000 000 000 000 000 000 000 000 000 000 000 058 000 000 002 000 000 000 000 000 000 002 005 000 000 000 000 000 002 000 000 000 000 002 000 003 000 000 001 000 000 000 000 000 000 000 000 000 000 002 000 000 000 000 001 000 000 001 002 000 000 000
000 001 004 002 001 000 003 000 001 001 000 000 000 000 000 001 000 000 000 001 000 002 003 001 004 000 000 001 000 000 001 001 002 000 002 000 002 000 001 000 001 000 000 002 004 000 000 000 000 001 016 001 000 000 001 002 000 000 000 001 000 000 000 006 003 001 001 002 000 000 000 000 000 000 011 000 000 004 006 001 000 000 000 000 000 000 002 000 000 000 000 000 000 004 000 002 001 001 002 001
000 000 001 002 000 000 002 000 000 000 001 000 000 000 001 000 001 000 000 002 000 000 000 000 001 000 001 001 000 001 000 001 001 001 003 000 002 000 000 000 002 000 001 002 001 001 000 000 002 000 000 037 000 002 002 001 000 001 000 001 000 000 000 002 002 001 001 000 000 000 000 000 000 000 001 002 000 003 000 000 001 000 004 000 000 000 000 000 005 000 001 003 001 000 000 000 000 003 000 000
000 000 000 000 000 000 000 000 000 000 000 000 000 000 000 000 000 002 000 000 000 000 000 000 000 000 000 000 000 000 000 000 000 000 000 000 000 000 000 000 000 000 000 000 000 000 000 010 000 000 000 000 084 000 000 000 001 000 000 006 001 000 000 001 000 000 000 000 001 000 000 000 000 000 000 000 000 000 000 000 000 000 001 000 000 000 000 000 001 000 000 000 000 001 000 000 008 000 000 000
002 002 001 000 000 000 002 000 000 000 001 000 000 000 000 000 000 000 000 000 000 000 000 000 001 000 000 000 000 000 000 000 000 000 001 000 001 000 000 000 000 000 000 000 000 002 000 000 000 000 000 001 000 084 000 000 000 005 000 000 000 001 001 000 000 000 000 000 000 000 000 000 000 000 000 000 000 000 000 000 000 000 001 003 001 000 000 000 000 000 000 000 001 000 000 000 000 000 000 000
000 000 001 000 000 000 001 000 000 000 000 000 000 000 002 000 000 000 000 000 001 000 000 001 000 000 002 000 000 000 000 000 000 000 000 000 000 000 000 000 001 001 001 000 000 002 000 000 000 000 000 002 000 000 045 000 000 000 000 001 000 000 001 000 003 000 000 001 000 000 006 000 000 000 000 000 000 001 000 001 001 000 000 000 001 000 000 000 000 000 000 000 007 001 000 000 000 000 001 000
000 000 000 003 001 000 002 000 000 002 000 000 000 000 000 002 000 002 001 005 000 003 000 000 000 001 001 004 000 000 001 002 001 000 000 000 000 003 000 000 002 001 000 001 001 001 000 000 000 002 002 000 000 000 000 009 000 000 000 000 002 000 000 002 002 003 002 005 000 000 001 002 004 001 005 000 000 004 000 001 002 000 000 000 000 003 000 000 002 000 000 000 000 002 000 004 000 001 003 000
000 000 000 000 000 000 000 000 000 000 000 000 000 001 001 000 000 001 000 001 000 000 001 001 000 001 000 000 000 000 001 000 000 000 000 000 000 000 000 000 001 000 000 000 001 000 000 003 000 000 000 000 005 000 000 001 060 000 000 010 002 000 000 000 000 002 000 000 000 001 000 000 000 000 000 000 000 000 000 000 000 000 001 000 000 000 000 000 000 001 001 000 000 001 000 001 003 000 000 000
005 000 000 000 000 000 001 001 000 003 001 000 000 000 000 000 000 001 001 000 000 000 000 000 001 000 000 000 001 000 000 000 001 000 001 000 002 000 000 000 000 001 000 000 000 001 000 000 000 000 000 000 000 004 002 001 000 049 000 000 000 002 000 000 000 000 001 000 000 001 000 000 001 001 000 000 000 004 000 000 000 001 001 006 000 000 000 000 000 001 001 000 001 001 001 002 000 000 002 000
000 000 000 000 000 001 000 000 000 000 000 001 001 006 000 000 000 000 000 000 000 000 001 000 001 000 000 001 000 000 000 000 000 000 000 000 000 000 000 000 001 002 000 000 000 000 000 000 002 001 000 000 000 000 000 000 000 000 049 001 001 000 000 000 000 000 001 000 001 000 000 000 000 000 000 000 000 001 000 000 000 006 000 000 000 002 000 000 000 004 003 000 000 000 000 000 000 000 000 000
000 000 000 000 000 000 000 000 001 000 000 000 000 000 000 000 001 003 000 000 000 001 000 001 000 000 000 001 000 000 000 000 000 001 000 000 000 001 000 000 000 001 002 000 000 000 000 001 000 000 000 000 024 000 000 000 003 000 000 031 000 000 000 000 000 000 000 000 000 000 000 000 000 000 001 000 001 000 000 000 000 001 000 001 000 001 000 000 000 001 000 000 000 000 000 000 006 002 000 000
000 000 000 000 000 000 000 000 000 000 000 000 000 000 000 000 000 002 000 000 000 000 000 006 000 000 000 000 000 000 000 000 000 001 000 000 000 000 000 000 000 000 000 000 000 000 000 000 000 001 000 000 000 000 000 000 000 000 000 000 070 000 000 000 000 000 000 000 000 000 000 003 000 000 000 000 000 000 000 000 000 000 000 000 000 000 000 000 000 000 000 000 000 000 000 000 001 000 000 000
000 000 000 000 000 001 000 000 001 001 001 000 000 000 000 000 000 000 000 000 000 000 007 000 000 001 000 002 000 000 000 000 001 000 000 000 001 000 000 000 000 000 000 001 000 000 000 000 000 000 000 001 000 000 000 000 000 000 000 000 000 064 000 000 000 000 000 000 000 000 000 000 000 000 000 001 000 000 002 000 000 000 000 000 000 000 000 000 000 000 000 000 000 001 000 000 000 000 000 000
000 003 001 000 000 000 001 000 000 000 000 003 000 001 001 000 000 000 000 000 000 000 000 000 000 000 000 000 000 000 000 000 001 000 000 000 000 000 000 000 001 000 000 000 000 004 001 000 000 000 000 001 000 000 006 000 000 001 000 000 000 000 046 000 000 000 000 000 000 000 014 000 000 000 000 000 000 001 000 000 000 000 004 003 000 000 000 000 000 000 001 000 006 001 000 000 000 000 000 000
000 000 000 003 002 000 001 000 000 000 000 000 000 001 000 000 000 000 000 001 000 000 000 000 001 000 000 000 000 000 000 002 001 000 001 000 002 000 002 000 000 000 002 001 000 000 000 000 000 000 003 001 002 000 000 000 000 000 000 000 000 001 000 050 000 001 001 003 000 000 000 000 004 000 004 000 000 002 000 000 001 000 000 000 000 000 000 000 002 000 000 000 000 001 000 000 000 002 000 000
000 001 003 000 001 000 001 001 000 000 000 000 000 000 000 003 000 000 000 000 000 004 000 001 000 000 000 001 001 000 000 001 000 001 002 001 002 000 000 000 000 000 000 000 001 000 000 000 000 001 000 002 000 000 001 000 000 002 000 000 000 000 000 005 024 002 009 000 000 000 000 000 002 001 004 001 000 001 002 001 004 000 000 000 000 001 000 000 000 000 001 000 000 001 000 000 000 007 001 000
001 000 000 000 000 001 000 000 000 000 000 000 000 000 002 001 001 000 001 002 000 000 002 000 000 001 000 001 000 000 000 002 003 000 002 000 002 000 003 000 000 001 001 000 000 001 000 000 000 000 001 000 000 000 000 002 001 000 001 000 000 000 000 004 003 030 006 000 000 001 000 000 001 001 002 001 000 002 001 000 002 000 000 000 001 000 000 001 000 000 000 000 000 000 000 000 000 001 001 001
000 000 000 002 000 000 000 000 001 000 000 000 000 000 000 001 000 000 000 001 000 002 000 000 000 000 000 000 000 000 000 001 000 001 001 000 000 001 003 002 000 000 001 000 000 001 001 000 001 000 001 000 001 000 000 000 000 000 000 000 000 000 000 001 002 005 035 000 000 000 000 000 002 000 005 001 000 001 003 000 001 000 000 000 000 000 000 000 000 000 000 000 000 001 000 000 000 008 000 000
000 001 002 000 000 000 000 000 000 000 001 000 000 000 001 000 000 000 000 000 000 001 000 002 000 000 001 002 001 000 002 000 002 000 000 000 000 000 000 000 000 000 000 000 000 000 000 000 000 002 000 000 000 000 000 000 000 001 000 000 001 003 000 003 000 002 001 036 000 002 001 001 001 003 001 001 001 001 002 001 000 000 000 000 000 000 000 000 000 000 000 000 000 007 000 001 001 000 000 000
000 000 000 000 000 000 000 000 000 000 000 000 000 000 000 001 000 002 000 000 000 000 000 000 000 000 000 000 000 001 000 000 000 001 000 000 000 001 000 001 000 000 000 000 000 000 000 000 000 000 000 000 000 000 000 000 000 000 000 000 001 000 000 000 000 000 000 000 076 000 000 005 001 000 000 000 001 000 000 000 000 000 000 000 001 000 000 000 000 000 000 000 000 000 001 000 001 000 000 000
000 000 000 000 000 001 000 000 000 001 000 000 001 000 000 000 001 001 000 000 000 000 000 003 000 000 000 000 000 000 001 001 000 000 000 000 000 000 000 001 002 000 000 000 001 000 000 000 000 001 000 000 000 000 000 000 000 000 000 000 001 001 000 000 000 000 000 000 000 057 000 004 000 002 000 000 000 000 000 001 000 001 001 000 000 000 000 000 000 000 001 000 000 001 001 000 000 001 001 002
001 003 002 000 000 000 000 000 000 000 000 001 000 000 000 000 000 000 001 000 000 000 000 000 000 000 000 000 000 000 000 000 000 000 000 000 000 000 000 000 000 000 000 000 001 003 000 000 000 000 000 000 000 000 010 000 000 002 001 000 000 002 009 000 000 000 000 000 000 000 036 000 000 000 000 000 000 001 000 000 000 000 001 001 001 000 000 000 000 000 000 000 015 002 001 000 000 001 000 000
000 000 000 000 000 001 000 000 000 000 001 000 001 000 000 000 000 000 000 000 000 000 000 004 000 000 000 001 000 000 000 000 000 000 000 000 000 000 000 001 000 000 000 000 000 000 000 000 000 002 000 000 000 000 000 000 000 000 000 000 010 000 000 000 000 000 000 000 001 000 000 055 000 000 000 000 001 000 000 000 001 000 000 000 000 000 000 000 000 000 000 000 000 000 000 004 000 000 000 000
000 000 000 003 004 001 000 001 000 000 000 000 000 001 000 001 000 001 000 001 000 001 000 000 000 000 000 002 001 000 001 000 001 001 002 000 000 000 000 001 000 000 001 002 002 000 001 000 000 002 001 001 000 000 000 004 000 001 000 003 000 000 000 004 001 000 000 001 000 000 000 000 011 003 002 001 001 001 001 000 002 000 000 000 000 002 001 000 000 001 003 000 000 003 000 005 000 003 000 001
000 002 001 001 000 000 000 000 000 000 000 000 000 000 000 000 000 000 000 000 000 000 000 004 000 001 000 002 000 000 014 000 001 000 000 000 000 001 000 000 000 000 000 000 000 000 000 000 001 000 001 000 000 000 000 000 001 000 000 000 000 000 000 000 000 001 001 006 001 000 000 001 006 037 001 000 001 000 000 000 000 001 000 001 000 001 000 000 000 000 001 004 000 006 000 002 000 001 000 000
000 000 000 001 001 000 000 002 000 000 000 000 001 001 001 000 000 001 001 000 000 000 000 000 003 000 000 002 000 001 000 000 001 001 000 000 000 001 002 000 000 000 001 000 001 001 000 001 000 000 009 001 000 000 000 003 000 000 000 000 000 000 000 006 003 001 000 002 001 000 000 000 002 000 039 002 000 005 002 000 000 000 000 001 000 000 000 000 001 001 000 000 000 000 000 000 001 001 000 000
000 000 000 001 001 000 000 003 000 000 000 001 000 000 001 000 000 000 000 000 000 002 000 000 002 000 000 000 000 000 000 000 002 002 000 000 001 000 001 000 000 004 000 000 001 000 000 000 000 000 001 000 000 000 000 003 000 000 000 000 000 000 000 000 007 001 001 000 000 000 000 000 000 000 001 064 000 000 000 000 000 000 000 000 000 000 001 000 000 001 000 000 000 000 000 002 000 001 000 001
000 000 000 001 000 000 001 000 000 000 000 000 000 000 000 001 000 006 001 000 000 000 000 001 000 000 000 000 001 000 002 001 000 000 000 000 000 000 000 001 000 000 000 001 000 000 000 000 000 002 000 000 000 000 000 000 000 000 000 000 000 000 000 000 000 000 000 000 002 010 000 003 003 000 000 000 061 000 000 000 000 000 000 000 000 000 000 002 000 000 000 000 001 000 001 002 001 000 000 000
001 000 000 001 007 000 001 002 000 002 001 001 000 000 000 001 000 000 004 001 000 000 000 000 003 000 000 001 000 000 000 000 002 001 001 000 003 000 001 000 001 000 001 000 000 000 001 000 000 000 007 001 000 000 000 002 000 002 000 000 000 002 001 002 001 002 000 003 000 000 000 000 002 000 002 000 000 031 001 003 003 000 000 000 001 000 000 000 001 000 000 000 000 001 000 000 000 000 000 000
000 000 001 000 000 000 001 006 002 000 000 002 000 000 002 002 000 000 001 000 000 000 002 000 000 000 000 001 000 000 000 000 001 001 000 000 000 000 000 000 000 000 002 000 004 003 000 000 001 000 000 001 000 000 000 001 000 000 000 000 000 002 000 000 001 000 002 001 000 000 000 000 002 000 001 001 000 002 031 000 001 000 000 000 001 000 001 000 002 002 000 001 000 003 000 000 000 001 001 002
000 000 000 000 000 001 002 005 003 001 000 001 000 000 000 000 000 000 003 000 000 000 000 000 003 001 000 000 000 001 001 000 000 003 004 000 000 000 001 000 001 001 001 000 004 000 000 000 000 000 001 000 000 000 000 000 002 000 000 000 000 000 001 000 000 001 000 001 000 000 000 000 000 000 002 000 000 003 003 048 000 000 000 000 002 001 000 000 001 000 000 000 000 001 001 000 000 000 000 001
000 001 001 001 000 001 000 001 001 000 000 000 000 000 000 000 001 002 003 000 000 000 000 000 000 000 000 001 000 000 000 000 002 001 005 000 003 000 008 000 000 000 000 003 001 001 000 000 001 000 005 001 000 000 001 000 000 001 000 002 000 000 000 003 000 010 002 005 000 000 000 000 003 001 002 000 000 002 002 001 025 000 000 000 000 000 000 001 003 001 000 000 000 000 001 000 001 001 000 001
000 001 000 000 000 001 000 000 000 002 000 000 001 006 000 000 001 003 000 000 000 000 000 000 000 000 000 001 000 000 000 000 000 004 001 000 000 005 000 000 000 000 000 000 000 000 000 000 000 000 000 000 000 000 000 001 000 000 003 001 000 000 000 000 000 000 000 000 001 000 000 001 000 000 000 000 000 001 000 000 001 048 000 000 001 001 002 000 000 001 004 000 000 000 000 000 000 000 000 000
000 001 000 000 000 000 006 000 000 000 000 000 000 001 001 000 000 000 000 000 000 000 000 000 000 000 000 000 001 000 000 000 000 000 000 000 000 001 000 000 000 000 000 001 000 000 000 000 001 000 000 000 000 001 001 000 001 001 000 000 000 000 004 000 000 000 000 000 000 000 000 000 000 000 000 000 000 000 000 001 000 000 079 003 000 000 000 000 000 001 000 000 000 000 000 000 000 000 000 000
004 000 000 000 000 000 002 001 000 001 001 000 000 000 001 000 001 000 003 000 000 000 000 000 002 000 000 000 000 000 000 000 000 000 000 001 000 001 000 000 000 000 000 000 001 002 000 000 000 000 000 001 000 010 002 000 000 007 001 000 000 000 007 000 000 000 000 000 000 000 003 000 000 000 000 000 000 000 000 000 000 000 002 040 000 000 000 001 001 000 000 000 002 000 000 000 000 000 001 000
001 002 004 000 000 014 001 000 001 000 000 000 000 001 000 000 002 000 000 002 004 001 000 000 001 002 000 001 001 000 000 001 000 000 000 001 000 001 000 000 000 000 000 000 001 001 000 000 002 000 001 001 000 000 000 000 000 000 002 001 000 000 000 000 000 000 001 000 000 000 000 000 000 000 000 000 000 001 000 000 000 002 001 000 037 000 000 003 001 003 000 001 000 000 004 001 000 003 000 001
000 000 000 000 000 000 000 001 001 000 001 000 004 000 000 000 000 002 000 000 000 000 001 001 000 000 000 000 000 000 000 000 002 000 000 000 000 002 000 000 000 000 000 000 000 000 000 001 001 000 000 001 000 000 000 000 001 000 008 002 000 000 000 000 000 000 002 000 000 000 000 000 001 000 000 000 000 000 000 000 000 004 000 000 000 058 000 000 001 004 003 000 000 001 000 000 000 000 000 000
000 002 003 001 000 000 000 000 000 002 000 000 000 000 000 000 003 001 000 001 000 002 009 000 000 001 000 001 001 000 000 000 000 000 000 000 000 001 000 005 001 002 000 000 000 001 000 000 000 000 001 000 000 001 001 000 002 000 000 000 000 002 000 000 001 000 003 000 000 000 000 000 000 000 001 000 000 000 000 000 000 001 000 002 000 000 054 003 000 000 000 000 000 000 002 000 000 000 000 000
000 000 000 000 000 002 000 000 000 002 002 000 000 001 000 002 005 000 001 000 001 001 003 000 000 001 000 000 000 000 000 000 001 000 000 000 000 000 000 001 001 001 000 000 000 000 001 000 001 000 000 000 000 000 000 000 000 000 000 000 000 000 000 000 000 000 000 000 000 000 000 000 000 000 000 000 000 000 000 000 000 001 000 000 004 000 005 052 002 000 000 000 000 000 003 000 000 000 000 001
000 000 000 000 000 000 002 002 000 000 001 000 001 000 002 000 000 000 001 000 000 001 000 000 000 000 003 001 000 000 000 000 000 002 012 000 001 000 001 000 000 000 004 005 001 000 000 000 001 000 000 000 000 000 000 000 000 000 000 001 000 000 000 000 000 000 000 000 000 000 001 000 001 000 001 000 000 002 004 001 002 000 000 000 000 000 000 000 048 001 000 000 000 000 000 000 000 003 000 001
000 000 000 000 000 000 001 000 000 000 000 000 000 003 002 001 001 003 000 000 000 000 000 000 000 000 001 001 000 000 000 000 000 000 002 000 000 003 000 000 000 001 000 000 000 001 000 000 000 000 000 000 000 000 001 001 001 000 001 001 000 000 000 000 001 001 001 000 000 000 000 000 000 000 000 001 000 000 002 000 001 004 001 001 002 003 000 002 002 047 001 000 000 000 000 000 000 000 000 000
001 002 000 000 001 001 002 000 000 000 000 000 003 002 000 000 000 003 003 000 000 000 001 000 000 000 000 001 000 000 002 000 000 001 000 000 000 004 000 000 000 004 000 000 002 001 001 000 002 000 000 000 000 000 000 001 000 000 002 000 000 000 000 000 001 000 000 000 002 000 000 000 001 003 001 002 000 000 000 000 000 007 000 000 001 002 000 000 000 007 040 001 000 000 000 000 000 000 000 000
001 002 000 000 000 000 000 000 001 000 000 000 000 000 001 000 002 000 001 000 001 000 000 000 001 000 000 001 000 001 003 001 002 000 000 000 001 000 000 000 001 001 001 001 003 000 000 000 000 000 000 002 000 000 000 003 000 000 001 000 001 000 000 001 000 001 000 000 001 001 000 001 001 003 001 001 000 000 002 001 001 000 000 000 001 000 000 000 000 000 000 058 000 004 000 001 000 001 000 001
003 002 001 001 000 000 001 000 000 000 000 000 000 000 001 000 000 000 001 000 000 000 001 000 000 000 000 000 002 000 000 000 000 000 000 000 001 000 000 001 000 000 000 000 000 001 000 001 000 000 000 000 000 004 008 000 000 000 000 000 000 000 014 000 000 000 000 000 000 000 007 000 001 000 000 000 000 000 001 000 000 000 007 004 000 000 000 000 001 000 001 000 020 000 000 001 000 000 000 000
000 001 002 000 002 000 001 002 000 000 000 000 000 000 000 000 000 000 000 000 000 000 000 002 000 000 002 003 000 001 002 001 003 000 000 000 001 000 000 001 000 000 003 001 002 001 000 000 000 002 002 000 001 001 000 000 001 000 000 001 000 000 000 004 000 003 000 001 000 000 000 000 001 001 002 000 000 003 000 001 000 000 000 000 001 000 001 000 002 000 000 001 000 030 000 000 001 004 000 000
000 000 000 000 000 003 000 000 000 002 000 000 000 000 000 000 004 000 000 000 000 000 000 000 001 003 000 000 001 000 000 000 000 000 000 000 000 000 000 001 000 000 000 001 000 001 000 000 000 000 000 000 000 001 000 000 000 000 000 000 000 000 000 000 000 000 000 000 000 000 000 000 000 000 000 000 001 000 000 000 001 000 000 000 001 000 001 004 001 000 000 000 000 000 089 000 000 000 000 000
000 000 000 002 000 000 000 000 000 000 000 000 000 000 000 000 000 000 000 000 001 000 000 001 001 000 000 000 000 000 017 000 000 000 000 000 000 000 000 002 000 000 000 000 000 000 000 000 000 000 000 000 000 000 000 001 001 000 000 001 000 000 000 000 000 000 000 002 001 001 000 002 003 006 002 000 001 000 000 000 000 000 000 000 000 000 001 001 000 000 001 002 000 005 000 052 000 000 000 001
000 000 001 000 000 000 000 000 000 001 000 000 000 000 000 000 000 003 000 000 000 000 000 000 000 001 000 000 000 000 001 001 000 006 000 000 000 000 000 000 000 000 000 000 000 000 000 009 000 000 000 000 019 000 000 000 002 000 000 012 001 000 000 001 000 000 000 000 000 000 000 000 000 000 000 000 000 000 000 000 001 000 000 001 000 001 000 001 001 000 000 000 000 000 000 000 050 000 000 001
000 000 002 000 000 001 000 000 000 000 000 002 000 000 000 001 000 000 001 000 000 002 000 000 000 000 000 000 000 000 001 001 000 001 001 000 002 000 002 000 000 000 002 004 000 000 000 000 001 001 002 001 000 000 001 001 000 000 000 001 000 000 000 002 004 004 006 000 000 000 000 000 005 000 001 000 000 000 000 000 000 000 000 000 000 000 000 001 001 000 000 001 000 002 001 000 000 055 000 000
000 000 014 000 000 000 000 000 000 002 000 008 000 001 000 000 001 000 000 000 000 002 001 000 001 001 000 000 000 000 000 000 001 000 000 010 004 000 000 000 002 000 000 002 001 001 008 000 000 000 001 000 000 000 000 000 000 001 001 001 000 000 000 000 001 000 002 000 000 000 000 000 000 000 001 000 001 000 001 000 000 000 000 001 001 000 001 001 000 000 000 000 002 000 000 000 000 001 025 000
001 000 000 000 001 000 000 000 000 000 003 000 000 000 001 000 000 000 002 000 000 001 003 000 000 001 000 000 000 001 004 000 000 001 000 001 000 000 000 005 000 001 000 000 007 001 000 000 000 000 000 001 000 002 000 000 000 000 000 001 000 003 000 000 000 001 001 000 000 003 000 000 000 002 002 000 000 000 008 001 001 000 000 000 000 001 001 000 000 000 000 002 000 001 000 002 000 000 001 026
